0 3289789.0166015625
1 1191009.2181396484
2 967996.2259521484
3 879738.7570800781
4 838955.1963500977
5 799416.0045776367
6 788102.1692504883
7 764179.3149414062
8 746128.6460571289
9 661113.9738769531
10 572525.8746948242
11 535956.6368408203
12 511781.96893310547
13 501764.0422973633
14 486816.4909667969
15 480669.8720703125
16 470968.99377441406
17 464813.0909423828
18 452990.0432128906
19 443128.5910644531
20 439580.27685546875
21 432617.5983886719
22 424650.23681640625
23 421619.9153442383
24 414806.18911743164
25 408711.16802978516
26 402240.37506103516
27 399905.6898498535
28 396665.50399780273
29 385843.74896240234
30 386572.12658691406
31 379808.32162475586
32 375757.43478393555
33 366847.69274902344
34 368381.8055114746
35 359641.754486084
36 354798.1948547363
37 354458.7280578613
38 347533.2613220215
39 344921.1500854492
40 338818.2013244629
41 332920.7245788574
42 327990.884185791
43 324166.2138366699
44 322150.3280029297
45 316487.00817871094
46 310368.1684265137
47 311601.0153198242
48 304339.65954589844
49 297725.3243408203
50 285541.51528930664
51 284371.2487792969
52 283337.9454345703
53 281191.4911804199
54 277361.51385498047
55 275416.4817199707
56 271939.6824645996
57 270449.47927856445
58 269479.4741821289
59 265512.66189575195
60 264568.8885498047
61 263177.84481811523
62 260234.62020874023
63 256280.71258544922
64 258355.38986206055
65 254135.25479125977
66 254697.34649658203
67 249409.6075744629
68 248761.82070922852
69 248073.19552612305
70 245715.4617919922
71 242083.36743164062
72 241719.31692504883
73 240426.3563232422
74 240922.40719604492
75 237774.43170166016
76 236938.81900024414
77 236022.38763427734
78 233681.48904418945
79 234155.63165283203
80 231202.14901733398
81 231795.10263061523
82 230242.7576904297
83 228038.9346923828
84 228475.98989868164
85 228382.04666137695
86 225104.06735229492
87 226053.46282958984
88 221882.11099243164
89 221534.84146118164
90 223319.94122314453
91 220896.1287841797
92 221563.6470336914
93 218846.61462402344
94 216538.14944458008
95 216797.46377563477
96 216081.35000610352
97 213703.7716369629
98 214622.67530822754
99 213170.84075927734
100 206448.16999816895
101 208367.21130371094
102 207710.56121826172
103 208070.3974609375
104 206866.35591125488
105 205746.7537689209
106 206057.13320922852
107 204716.24096679688
108 204018.68383789062
109 204436.9236755371
110 202546.76741027832
111 201205.00674438477
112 201741.44134521484
113 200978.3235015869
114 200036.3892364502
115 200850.86445617676
116 199062.7956237793
117 197554.2551422119
118 198034.80158996582
119 197315.28340148926
120 197716.1170654297
121 194966.09548950195
122 196787.91938781738
123 195148.94116210938
124 194808.0203857422
125 195608.3776702881
126 195674.61016845703
127 193761.56408691406
128 192524.87020874023
129 192958.5365447998
130 192133.82638549805
131 191123.29313659668
132 190733.61262512207
133 190166.78573608398
134 190062.54278564453
135 191319.6961364746
136 189761.1314086914
137 188812.91653442383
138 189432.4510498047
139 186347.9804840088
140 186599.38150024414
141 188347.04904174805
142 185653.40968322754
143 187099.57698059082
144 185247.3109741211
145 184687.17227172852
146 186641.98663330078
147 184994.9630126953
148 184235.61639404297
149 183081.9557647705
150 182375.05471801758
151 182693.39176940918
152 182585.3986968994
153 181155.22862243652
154 182280.21894836426
155 181750.18899536133
156 180563.94146728516
157 181378.23727416992
158 179539.57678222656
159 179288.75790405273
160 178410.4944000244
161 178700.11282348633
162 178923.96339416504
163 178564.9270172119
164 179006.1344909668
165 177791.21788024902
166 177777.05767822266
167 176841.9342803955
168 178127.60191345215
169 177555.5612335205
170 176988.4490661621
171 178289.93244934082
172 175552.03776550293
173 176174.87394714355
174 176988.35600280762
175 176821.12759399414
176 175766.76065063477
177 173895.2438659668
178 176579.98721313477
179 176284.7530670166
180 174828.37200927734
181 174090.92817687988
182 174087.8155670166
183 173780.2593383789
184 174103.88381958008
185 173220.11935424805
186 172961.02877807617
187 173240.08616638184
188 172112.45613098145
189 173365.33883666992
190 172443.11499023438
191 171435.515335083
192 171600.13410949707
193 172359.85806274414
194 172256.58488464355
195 171622.33375549316
196 171452.50228881836
197 171294.7646331787
198 170904.42085266113
199 170243.30781555176
